Pruning_method: single
Layers                              Accuracy   F1 Score
----------------------------------------------------------
[0, 2, 3, 4, 5, 6, 7, 8, 9, 10, 11] 0.804      0.79856
[0, 1, 3, 4, 5, 6, 7, 8, 9, 10, 11] 0.796      0.78714
[0, 1, 2, 4, 5, 6, 7, 8, 9, 10, 11] 0.824      0.81442
[0, 1, 2, 3, 5, 6, 7, 8, 9, 10, 11] 0.876      0.86960
[0, 1, 2, 3, 4, 6, 7, 8, 9, 10, 11] 0.868      0.85081
[0, 1, 2, 3, 4, 5, 7, 8, 9, 10, 11] 0.896      0.88590
[0, 1, 2, 3, 4, 5, 6, 8, 9, 10, 11] 0.908      0.89802
[0, 1, 2, 3, 4, 5, 6, 7, 9, 10, 11] 0.904      0.89698
[0, 1, 2, 3, 4, 5, 6, 7, 8, 10, 11] 0.900      0.88389
[0, 1, 2, 3, 4, 5, 6, 7, 8, 9, 11]  0.900      0.88291
[0, 1, 2, 3, 4, 5, 6, 7, 8, 9, 10]  0.896      0.87913

Pruning_method: forward
Layers                              Accuracy   F1 Score
-------------------------------------------------------
[0, 2, 3, 4, 5, 6, 7, 8, 9, 10, 11] 0.804      0.79856
[0, 3, 4, 5, 6, 7, 8, 9, 10, 11]    0.644      0.62590
[0, 4, 5, 6, 7, 8, 9, 10, 11]       0.424      0.38348
[0, 5, 6, 7, 8, 9, 10, 11]          0.264      0.23486
[0, 6, 7, 8, 9, 10, 11]             0.120      0.10707
[0, 7, 8, 9, 10, 11]                0.092      0.05187
[0, 8, 9, 10, 11]                   0.068      0.03997
[0, 9, 10, 11]                      0.028      0.01234
[0, 10, 11]                         0.024      0.00713
[0, 11]                             0.024      0.01465

Pruning_method: backward
Layers                              Accuracy   F1 Score
-------------------------------------------------------
[0, 1, 2, 3, 4, 5, 6, 7, 8, 9, 10]  0.896      0.87913
[0, 1, 2, 3, 4, 5, 6, 7, 8, 9]      0.876      0.85639
[0, 1, 2, 3, 4, 5, 6, 7, 8]         0.820      0.79612
[0, 1, 2, 3, 4, 5, 6, 7]            0.312      0.23407
[0, 1, 2, 3, 4, 5, 6]               0.144      0.08950
[0, 1, 2, 3, 4, 5]                  0.108      0.07465
[0, 1, 2, 3, 4]                     0.052      0.02143
[0, 1, 2, 3]                        0.016      0.00867
[0, 1, 2]                           0.056      0.03477
[0, 1]                              0.020      0.01140

Pruning_method: center
Layers                              Accuracy   F1 Score
-------------------------------------------------------
[0, 1, 2, 3, 4, 6, 8, 9, 10, 11] 	 0.8776	   0.8276
[0, 1, 2, 3, 4, 5, 8, 9, 10, 11]	 0.8751	   0.8191
[0, 1, 2, 3, 4, 7, 8, 9, 10, 11]     0.8460    0.7890
[0, 1, 2, 3, 4, 8, 9, 10, 11]        0.7270    0.6546

Combining the best pruning approach by looking at the other results
Layers                              Accuracy   F1 Score
-------------------------------------------------------

[0, 1, 2, 3, 4, 6, 8, 9]			 0.8335	   0.7536
[0, 1, 2, 3, 4, 5, 6, 7, 11]         0.8584    0.7874

[]feature_extractor					 0.0261	   0.0157


CNN results: Testing: Loss: 2.3233, Accuracy: 0.6771, F1-Score: 0.6747
